4.78204
10.259
12.912
15.4898
15.064
14.5658
12.8326
15.3449
18.3501
19.8915
24.5053
23.7787
29.394
35.1001
39.1803
43.0252
43.4991
38.5785
39.8195
41.0437
41.4023
46.0385
52.7653
44.908
45.3577
64.1218
59.2045
50.2676
47.8022
41.679
38.4099
32.9441
37.3203
30.4608
35.3604
28.6749
30.997
20.6394
18.8057
18.9793
27.1594
30.5108
34.9144
34.8901
34.4005
26.7277
19.398
2.94661
1.33611
-5.44555
-9.82659
-1.90751
-0.137953
9.45186
5.48164
5.15764
6.71663
4.73596
-0.329245
-4.05975
-7.78554
-1.18076
0.02036
2.42326
6.5397
10.8626
11.3952
10.5556
4.61638
0.380415
-3.88958
-11.5185
-13.8504
-15.0437
-9.3184
-8.52661
-9.89401
-13.5656
-15.2366
-10.8911
-13.4298
-10.1797
-10.6147
-5.16887
-0.802592
-1.02693
3.67304
10.0629
10.6069
11.333
5.15753
1.62938
-0.808741
-3.05426
-6.0112
-8.60468
-8.90708
-10.0465
-9.31179
-6.57317
-6.51424
-7.82428
-4.19998
-4.56235
4.27931
10.1159
6.76687
9.29435
8.39798
19.0864
20.497
19.8782
12.398
12.6821
4.10761
-2.83208
-2.81996
-2.22521
-4.59446
10.9063
43.422
81.2477
55.4521
48.9389
83.8792
94.5648
27.6774
20.8951
1.30227
1.18001
13.6715
15.9842
9.37222
9.01302
12.6325
4.04719
-4.42206
-8.52501
-15.5469
-22.3141
-28.9299
-27.0514
-29.5056
-27.6009
-23.7346
-19.8132
-22.9024
-21.959
-22.247
-20.9531
-0.113972
-3.32907
-3.8854
-1.20792
0.583624
3.58471
6.04593
8.84065
9.72499
11.0176
8.94497
17.765
12.8101
10.9716
12.6334
14.6422
20.1961
20.8973
25.5209
26.4717
28.5633
28.4036
26.0867
21.7048
31.4998
20.8719
17.7244
22.6929
21.2161
27.5984
28.0016
30.8499
36.1459
48.4391
51.5672
39.7146
33.5652
19.3309
26.9286
25.5283
28.1036
34.1742
44.5297
49.7136
52.6811
39.6768
29.8615
22.2426
14.66
3.68869
-0.528522
3.90566
12.8877
12.4493
-2.30913
-0.552131
-4.21428
0.19465
-1.30979
-5.2363
-7.72548
-7.49233
-4.22772
-8.54771
-3.26558
-1.13345
-0.988946
1.70646
0.688252
-0.171351
-1.69497
-5.27602
-5.86601
-3.26955
-7.9562
-13.9395
-11.7333
-9.94781
-10.296
-10.0863
-9.27779
-10.1423
-11.6744
-12.1373
-10.7327
-8.08068
-7.28801
12.8777
13.4237
12.8149
7.6815
4.67485
6.09614
5.04488
6.07895
6.38043
8.40902
9.79907
11.7941
16.7372
20.8323
23.8578
25.1297
22.9986
21.7045
25.2174
24.5969
23.8979
23.4526
18.9133
26.3251
19.2588
14.472
14.249
16.095
23.6018
28.4453
31.6173
20.1279
20.5824
23.1299
21.6465
18.0487
21.2541
10.7417
11.5161
11.5099
11.1729
0.665142
-3.90801
-10.295
-9.31059
-9.97413
-12.7564
-16.4667
-20.246
-22.2732
-22.2422
-22.5797
-21.7437
-21.11
-22.8729
-23.9755
-22.0808
1.42614
2.40756
4.39587
5.8285
4.64333
2.51942
4.80193
3.84829
8.46331
7.03367
7.32581
11.2955
12.5007
18.0833
18.958
19.8638
19.5633
21.1336
10.269
9.19369
7.38618
5.5009
3.66584
2.25825
0.530898
0.490109
1.42972
-1.15047
-1.39515
-5.38896
-8.1852
-9.88144
-12.1295
-9.77067
-6.91953
-5.84853
-3.34181
-3.42586
-2.30691
-1.58931
-3.44521
-2.81905
15.0919
11.4447
6.58311
7.67341
7.58601
6.0463
4.67604
8.77238
10.4209
9.59318
16.0986
16.2609
18.1101
18.6589
23.4525
26.9431
33.6795
37.789
40.3627
42.8417
40.941
43.5681
44.2633
36.916
37.2943
39.558
47.9451
49.2985
59.89
60.7252
102.644
181.408
171.61
160.791
136.346
74.4493
65.6248
58.7471
58.1763
48.7815
52.6316
53.3035
45.5112
37.9623
36.4505
21.9563
19.3065
16.3817
9.77276
6.16922
4.54918
2.32859
4.19373
7.17545
3.82514
5.85717
6.07616
4.2981
3.60402
6.48507
4.90835
5.76558
7.95266
3.40585
-1.31178
3.5117
5.0689
4.62101
5.06911
2.09195
-1.41458
-2.26563
-3.85582
-7.87697
-9.8445
-11.285
-11.0744
-7.15709
-5.32137
-0.587706
2.66685
7.04558
11.1848
20.5347
13.679
16.1372
15.9762
15.0776
10.6131
8.61772
10.081
8.72261
8.93812
11.667
11.6456
11.9131
13.7993
11.212
4.63992
1.43218
-4.73355
-9.13208
-13.8239
-12.2381
-6.00089
1.47491
1.22557
1.29342
0.902912
-2.65511
-8.31332
-8.74074
-14.4372
-20.3038
-18.7458
-13.3061
-9.47388
-9.0626
-5.14247
-7.81597
-9.2823
-11.8954
-17.1584
-19.1102
-23.1187
-22.774
-19.3176
-15.2861
-14.3667
1.48802
0.775588
-0.050261
-3.16468
-2.22919
-0.656447
-2.05456
-4.55503
-4.98118
-2.80603
-1.83639
-1.08064
0.00172089
4.64791
6.53367
8.63886
12.6015
15.8823
13.8649
10.2688
12.8513
18.0151
12.2503
8.54692
5.37949
5.18312
2.3464
0.0424761
0.633819
-9.40151
-6.16203
-10.1795
-12.5941
-9.7098
-7.81119
-10.3016
-7.77232
-4.87273
1.92634
-1.86246
-3.06354
-3.11038
-3.3637
-3.0805
-3.30966
-6.44319
-9.34288
-8.24202
-13.4197
-14.1756
-12.7419
-4.62119
-3.67796
-0.497987
3.59286
8.66808
7.72131
12.6448
15.8162
18.8397
22.3269
24.0062
21.6075
16.9922
13.228
12.2381
11.9964
11.8301
11.9612
10.604
10.7662
10.9395
11.8806
13.4434
13.0039
16.8111
16.8823
20.0676
23.185
28.2748
36.7021
34.0172
36.6213
35.3286
33.9281
39.6227
32.68
31.3483
25.3474
23.4675
24.9634
20.6866
16.0024
15.0531
12.9003
9.48597
11.1354
10.2666
9.41817
6.82699
4.54083
2.46704
0.899727
1.50653
4.82209
6.95682
6.78269
5.83255
5.21473
0.941952
-4.27084
-8.0641
-7.42862
-6.88502
-10.3673
-9.94944
-11.0696
5.25072
4.2424
3.59218
4.80694
6.04461
9.72381
12.8604
13.8174
16.6792
16.4442
17.6377
20.3973
22.4932
22.1053
21.3335
23.0839
25.0156
31.1683
32.3039
33.4334
40.1266
47.1292
39.7283
35.1888
29.5779
28.3015
3.59733
5.90969
4.84095
5.20972
3.10615
1.3476
4.50871
2.16418
-3.59984
-3.6728
-6.17093
-12.4762
-12.2059
-10.0501
-7.88699
-4.90358
4.86245
4.909
6.33601
5.31111
4.21153
-1.73664
-3.79483
-0.570509
-0.272826
1.56402
1.32128
0.506598
0.7717
1.45099
1.7898
2.99596
3.77351
5.25661
6.52192
7.06039
9.79267
10.7203
12.7494
14.6685
19.5093
23.6362
27.8914
28.9744
30.2515
32.5972
38.5309
38.6732
32.7993
45.1442
42.6145
45.8762
62.4092
78.1734
84.9141
103.168
65.9081
58.4561
60.957
59.5439
58.0698
62.4254
45.0591
47.7051
58.6928
38.4883
28.8769
17.705
15.0489
13.2134
19.2675
14.935
11.7997
5.88326
0.567782
2.58203
-3.82083
-14.822
-20.1024
-23.5041
-24.5642
-22.7817
-15.8259
-12.9597
-11.797
-9.11463
-8.01041
-2.93512
-4.03559
0.979551
-2.65449
-4.25757
-2.26896
-4.58042
-4.53583
-8.25388
-13.0245
-12.6912
-18.1311
-19.6827
